0.000000e+00 0.000000e+00
6.613122e-05 1.000000e-02
3.810748e-04 2.000000e-02
1.061878e-03 3.000000e-02
2.197840e-03 4.000000e-02
3.865384e-03 5.000000e-02
6.133161e-03 6.000000e-02
9.064661e-03 7.000000e-02
1.271978e-02 8.000000e-02
1.715589e-02 9.000000e-02
2.242857e-02 1.000000e-01
2.859223e-02 1.100000e-01
3.570050e-02 1.200000e-01
4.380669e-02 1.300000e-01
5.296406e-02 1.400000e-01
6.322616e-02 1.500000e-01
7.464701e-02 1.600000e-01
8.728143e-02 1.700000e-01
1.011852e-01 1.800000e-01
1.164153e-01 1.900000e-01
1.330301e-01 2.000000e-01
1.510897e-01 2.100000e-01
1.706558e-01 2.200000e-01
1.917922e-01 2.300000e-01
2.145652e-01 2.400000e-01
2.390432e-01 2.500000e-01
2.652976e-01 2.600000e-01
2.934024e-01 2.700000e-01
3.234350e-01 2.800000e-01
3.554763e-01 2.900000e-01
3.896107e-01 3.000000e-01
4.259269e-01 3.100000e-01
4.645175e-01 3.200000e-01
5.054803e-01 3.300000e-01
5.489178e-01 3.400000e-01
5.949380e-01 3.500000e-01
6.436547e-01 3.600000e-01
6.951881e-01 3.700000e-01
7.496653e-01 3.800000e-01
8.072204e-01 3.900000e-01
8.679959e-01 4.000000e-01
9.321424e-01 4.100000e-01
9.998202e-01 4.200000e-01
1.071199e+00 4.300000e-01
1.146461e+00 4.400000e-01
1.225797e+00 4.500000e-01
1.309415e+00 4.600000e-01
1.397533e+00 4.700000e-01
1.490386e+00 4.800000e-01
1.588226e+00 4.900000e-01
1.691321e+00 5.000000e-01
1.799962e+00 5.100000e-01
1.914459e+00 5.200000e-01
2.035147e+00 5.300000e-01
2.162386e+00 5.400000e-01
2.296567e+00 5.500000e-01
2.438111e+00 5.600000e-01
2.587474e+00 5.700000e-01
2.745153e+00 5.800000e-01
2.911686e+00 5.900000e-01
3.087661e+00 6.000000e-01
3.273719e+00 6.100000e-01
3.470561e+00 6.200000e-01
3.678959e+00 6.300000e-01
3.899756e+00 6.400000e-01
4.133886e+00 6.500000e-01
4.382378e+00 6.600000e-01
4.646373e+00 6.700000e-01
4.927139e+00 6.800000e-01
5.226090e+00 6.900000e-01
5.544805e+00 7.000000e-01
5.885059e+00 7.100000e-01
6.248850e+00 7.200000e-01
6.638438e+00 7.300000e-01
7.056392e+00 7.400000e-01
7.505642e+00 7.500000e-01
7.989550e+00 7.600000e-01
8.511994e+00 7.700000e-01
9.077470e+00 7.800000e-01
9.691230e+00 7.900000e-01
1.035944e+01 8.000000e-01
1.108943e+01 8.100000e-01
1.188991e+01 8.200000e-01
1.277143e+01 8.300000e-01
1.374682e+01 8.400000e-01
1.483189e+01 8.500000e-01
1.604638e+01 8.600000e-01
1.741532e+01 8.700000e-01
1.897095e+01 8.800000e-01
2.075567e+01 8.900000e-01
2.282650e+01 9.000000e-01
2.526224e+01 9.100000e-01
2.817545e+01 9.200000e-01
3.173357e+01 9.300000e-01
3.619872e+01 9.400000e-01
4.200970e+01 9.500000e-01
4.997120e+01 9.600000e-01
6.176898e+01 9.700000e-01
8.178215e+01 9.800000e-01
1.274692e+02 9.900000e-01
